[?25l[0m [38;2;0;0;0m             ▄[38;2;179;228;0;48;2;0;0;0m▄▄[0m[38;2;0;0;0m▄[38;2;179;228;0;48;2;0;0;0m▄▄[0m[38;2;0;0;0m▄      [0m
 [38;2;0;0;0m         ▄▄▄[48;2;0;0;0m [38;2;179;228;0;48;2;0;164;50m▄[38;2;254;254;254;48;2;179;228;0m▄[48;2;254;254;254m [38;2;0;0;0m▄ ▄[38;2;254;254;254;48;2;179;228;0m▄[48;2;0;0;0m [0m[38;2;254;254;254m     [0m
 [38;2;0;0;0m        [48;2;0;0;0m [38;2;220;0;0;48;2;254;72;0m▄[48;2;254;109;7m▄[38;2;0;0;0m▄[48;2;0;0;0m [48;2;179;228;0m [48;2;254;254;254m  [48;2;0;0;0m [48;2;254;254;254m [48;2;0;0;0m [48;2;254;254;254m [48;2;0;0;0m [0m[38;2;0;0;0m▄▄   [0m
 [38;2;0;0;0m       ▄[38;2;254;109;7;48;2;0;0;0m▄ [38;2;0;164;50m▄[38;2;179;228;0;48;2;0;164;50m▄[48;2;179;228;0m   [48;2;254;254;254m▄▄[38;2;0;164;50m▄[38;2;179;228;0;48;2;0;164;50m▄▄[48;2;179;228;0m   [48;2;0;0;0m▄[0m[38;2;0;0;0m▄ [0m
 [38;2;0;0;0m      [48;2;0;0;0m [38;2;220;0;0;48;2;254;72;0m▄[48;2;220;0;0m [48;2;0;0;0m [48;2;0;164;50m [38;2;254;254;254;48;2;179;228;0m▄[48;2;254;254;254m   [48;2;179;228;0m▄[48;2;0;164;50m [48;2;179;228;0m    [38;2;179;228;0;48;2;0;0;0m▄[48;2;179;228;0m [48;2;0;0;0m▄[48;2;179;228;0m [48;2;0;0;0m [0m
 [38;2;0;0;0m       [48;2;0;0;0m [38;2;254;72;0m▄ [48;2;0;164;50m [38;2;225;225;225;48;2;254;254;254m▄   ▄[38;2;0;0;0;48;2;0;164;50m▄[48;2;179;228;0m        [48;2;0;0;0m [0m
 [38;2;0;0;0m        [7m▄[0m[38;2;0;0;0;48;2;220;0;0m▄[48;2;0;0;0m [48;2;0;164;50m▄[38;2;0;164;50;48;2;225;225;225m▄[38;2;225;225;225;48;2;254;254;254m▄ [38;2;254;254;254;48;2;0;0;0m▄▄[38;2;0;0;0;48;2;0;164;50m▄[38;2;0;164;50;48;2;179;228;0m▄    ▄[38;2;0;0;0;48;2;0;164;50m▄[0m[7m[38;2;0;0;0m▄[0m
 [38;2;0;0;0m    ▄[38;2;254;109;7;48;2;0;0;0m▄[38;2;220;0;0m▄▄[0m[38;2;0;0;0m▄[48;2;0;0;0m [48;2;220;0;0m▄[38;2;179;228;0;48;2;0;0;0m▄[48;2;179;228;0m [48;2;225;225;225m▄[38;2;225;225;225;48;2;254;254;254m▄  [38;2;0;0;0m▄[48;2;0;0;0m [48;2;0;164;50m▄▄▄▄[0m[7m[38;2;0;0;0m▄[0m[38;2;0;0;0m  [0m
 [38;2;0;0;0m▄▄ [48;2;0;0;0m [38;2;254;72;0;48;2;254;109;7m▄[38;2;220;0;0;48;2;254;72;0m▄[38;2;254;254;254;48;2;220;0;0m▄[38;2;0;0;0;48;2;254;254;254m▄[48;2;0;0;0m [38;2;179;228;0m▄[48;2;179;228;0m  [38;2;0;164;50m▄[48;2;254;254;254m   [48;2;0;0;0m ▄[38;2;179;228;0m▄[0m[38;2;0;0;0m▄      [0m
[7m[38;2;0;0;0m▄[0m[38;2;0;0;0;48;2;179;228;0m▄ [38;2;179;228;0;48;2;0;0;0m▄▄[38;2;0;0;0;48;2;254;254;254m▄▄[38;2;0;164;50;48;2;0;0;0m▄[38;2;179;228;0;48;2;0;164;50m▄[48;2;179;228;0m   [38;2;0;0;0;48;2;0;164;50m▄[38;2;254;254;254;48;2;0;0;0m▄[48;2;254;254;254m   [48;2;0;0;0m  [38;2;0;0;0;48;2;0;164;50m▄[48;2;179;228;0m [48;2;0;0;0m [0m[38;2;0;0;0m     [0m
 [7m[38;2;0;0;0m▄[0m[38;2;0;0;0;48;2;0;0;0m [38;2;254;254;254;48;2;0;164;50m▄[38;2;0;164;50;48;2;179;228;0m▄[48;2;0;0;0m [48;2;179;228;0m    [48;2;254;254;254m  [38;2;0;0;0;48;2;0;164;50m▄[48;2;0;0;0m [48;2;254;254;254m   [48;2;0;0;0m [38;2;0;164;50m▄[38;2;179;228;0;48;2;0;164;50m▄[48;2;179;228;0m [48;2;0;0;0m [0m[38;2;179;228;0m     [0m
 [38;2;0;0;0m  [7m▄[0m[38;2;0;0;0;48;2;254;254;254m▄[38;2;254;254;254;48;2;0;0;0m▄[38;2;0;0;0;48;2;0;164;50m▄[38;2;0;164;50;48;2;179;228;0m▄   ▄[38;2;0;0;0;48;2;0;164;50m▄[38;2;254;254;254;48;2;0;0;0m▄[48;2;254;254;254m [38;2;225;225;225m▄[48;2;0;0;0m [0m[7m[38;2;0;0;0m▄[0m[38;2;0;0;0;48;2;0;164;50m▄[48;2;179;228;0m▄▄[0m[7m[38;2;0;0;0m▄[0m[38;2;0;0;0m     [0m
 [38;2;0;0;0m   ▄[38;2;254;72;0;48;2;0;0;0m▄[38;2;254;109;7m▄▄[38;2;254;144;0m▄▄ [38;2;225;225;225m▄[48;2;254;254;254m▄[38;2;0;0;0m▄[48;2;225;225;225m▄[48;2;0;0;0m [0m[38;2;0;0;0m           [0m
 [38;2;0;0;0m  ▄[38;2;254;72;0;48;2;0;0;0m▄[48;2;254;72;0m  [38;2;254;109;7m▄[38;2;254;144;0;48;2;254;109;7m▄[38;2;254;254;254;48;2;254;144;0m▄[38;2;254;144;0;48;2;0;0;0m▄ [38;2;254;72;0m▄[48;2;254;72;0m [48;2;254;109;7m▄[38;2;254;109;7;48;2;254;144;0m▄[38;2;254;254;254;48;2;0;0;0m▄[38;2;254;144;0m▄[0m[38;2;0;0;0m▄        [0m
 [38;2;0;0;0m  [7m▄[0m[38;2;0;0;0;48;2;254;72;0m▄▄[48;2;254;109;7m▄[48;2;254;144;0m▄▄▄▄[0m[7m[38;2;0;0;0m▄[0m[38;2;0;0;0;48;2;254;72;0m▄▄[48;2;254;109;7m▄[48;2;254;144;0m▄▄▄[0m[7m[38;2;0;0;0m▄[0m[38;2;0;0;0m        [0m[?25h
